1769506387637 1.97564 0
1769506392552 2.06158 1
1769506395126 1.62201 2
1769506397591 1.67933 3
1769506400058 1.45431 4
1769506402352 1.4841 5
1769506404615 1.54243 6
1769506406923 1.51963 7
1769506409210 1.66267 8
1769506411622 1.60512 9
1769506413889 1.49938 10
1769506416168 1.49277 11
1769506418420 1.53507 12
1769506420790 1.50474 13
1769506422998 1.61453 14
1769506425259 1.57353 15
1769506427501 1.58063 16
1769506429763 1.53037 17
1769506432102 1.5232 18
1769506434296 1.42663 19
1769506436481 1.51788 20
1769506438806 1.47974 21
1769506441005 1.48206 22
1769506443258 1.52851 23
1769506445606 1.43269 24
1769506448353 1.43711 25
1769506450969 1.46366 26
1769506453233 1.36052 27
1769506455510 1.36356 28
1769506457798 1.36936 29
1769506460137 1.44472 30
1769506462630 1.38421 31
1769506465155 1.3681 32
1769506467659 1.39046 33
1769506470484 1.39872 34
1769506472901 1.4966 35
1769506475763 1.35445 36
1769506479096 1.40465 37
1769506482790 1.30766 38
1769506485553 1.40606 39
1769506488353 1.40499 40
1769506491728 1.39757 41
1769506494540 1.34491 42
1769506498134 1.35171 43
1769506501648 1.41434 44
1769506504918 1.39753 45
1769506507842 1.33147 46
1769506510068 1.32619 47
1769506512373 1.36702 48
1769506514545 1.43961 49
1769506516673 1.34483 50
1769506518795 1.2966 51
1769506520934 1.28441 52
1769506523154 1.30105 53
1769506525286 1.22969 54
1769506527401 1.36319 55
1769506529538 1.21962 56
1769506531665 1.27267 57
1769506533806 1.40582 58
1769506535918 1.23531 59
1769506538049 1.30049 60
1769506540222 1.30295 61
1769506542359 1.21455 62
1769506544646 1.2881 63
1769506546773 1.21034 64
1769506548912 1.25356 65
1769506551055 1.12124 66
1769506553188 1.21264 67
1769506555309 1.19347 68
1769506557476 1.17084 69
1769506559596 1.11029 70
1769506561698 1.15902 71
1769506563904 1.13689 72
1769506566229 1.20271 73
1769506568591 1.20912 74
1769506570808 1.19458 75
1769506573070 1.28199 76
1769506575694 1.1731 77
1769506578177 1.11467 78
1769506580388 1.16018 79
1769506582627 1.07989 80
1769506584870 1.16754 81
1769506587332 1.03283 82
1769506589895 1.16432 83
1769506592212 1.06676 84
1769506594457 1.02198 85
1769506598153 1.07868 86
1769506600802 1.11372 87
1769506602929 1.08894 88
1769506605080 1.11577 89
1769506607199 1.11523 90
1769506609321 1.17764 91
1769506611438 1.14276 92
1769506613747 1.03337 93
1769506615872 1.09736 94
1769506617994 1.07171 95
1769506620095 1.12384 96
1769506622232 1.01091 97
1769506624362 0.98815 98
1769506626464 1.01188 99
1769506628587 0.99818 100
1769506630774 0.96686 101
1769506632912 0.98131 102
1769506635003 1.07634 103
1769506637136 1.01125 104
1769506639300 0.92194 105
1769506641430 1.08646 106
1769506643551 0.9856 107
1769506645856 1.00677 108
1769506648037 0.91272 109
1769506650192 0.97125 110
1769506652371 0.9634 111
1769506654547 0.99859 112
1769506656782 0.98803 113
1769506659083 0.97591 114
1769506661420 0.97703 115
1769506663796 0.87809 116
1769506666208 0.96598 117
1769506668404 0.96051 118
1769506670595 1.02574 119
1769506672863 0.96616 120
1769506675182 1.00496 121
1769506677588 0.98645 122
1769506679860 0.87495 123
1769506682658 1.02066 124
1769506685977 0.97447 125
1769506688607 0.92396 126
1769506691015 0.91091 127
1769506693202 0.8554 128
1769506695622 0.86686 129
1769506698356 0.95697 130
1769506700689 0.85068 131
1769506702874 0.98088 132
1769506705625 0.87911 133
1769506708740 0.95254 134
1769506712058 0.87462 135
1769506715419 0.90865 136
1769506717565 0.87278 137
1769506719686 0.93175 138
1769506721800 0.90408 139
1769506725129 0.84023 140
1769506727293 0.84765 141
1769506729369 0.80239 142
1769506731428 0.77488 143
1769506733508 0.78761 144
1769506735619 0.77153 145
1769506737699 0.8372 146
1769506739758 0.80053 147
1769506741818 0.82486 148
1769506743916 0.82335 149
