1769506387637 7.08981 0
1769506392552 6.58534 1
1769506395126 5.60744 2
1769506397591 5.41724 3
1769506400058 4.88858 4
1769506402352 4.482 5
1769506404615 4.65587 6
1769506406923 4.11727 7
1769506409210 4.53469 8
1769506411622 3.95981 9
1769506413889 3.62974 10
1769506416168 3.54643 11
1769506418420 3.549 12
1769506420790 4.05454 13
1769506422998 3.58043 14
1769506425259 3.23812 15
1769506427501 3.21504 16
1769506429763 3.2621 17
1769506432102 3.23106 18
1769506434296 3.01813 19
1769506436481 3.02512 20
1769506438806 2.70893 21
1769506441005 2.83215 22
1769506443258 2.83121 23
1769506445606 2.77829 24
1769506448353 2.78087 25
1769506450969 2.61636 26
1769506453233 2.46405 27
1769506455510 2.45669 28
1769506457798 2.50582 29
1769506460137 2.4567 30
1769506462630 2.356 31
1769506465155 2.3208 32
1769506467659 2.31347 33
1769506470484 2.32926 34
1769506472901 2.35389 35
1769506475763 2.20229 36
1769506479096 2.29589 37
1769506482790 2.06637 38
1769506485553 2.24604 39
1769506488353 2.24809 40
1769506491728 2.16682 41
1769506494540 2.03619 42
1769506498134 2.02428 43
1769506501648 1.96795 44
1769506504918 2.03632 45
1769506507842 2.00929 46
1769506510068 1.90577 47
1769506512373 2.11796 48
1769506514545 2.27391 49
1769506516673 1.88008 50
1769506518795 1.97496 51
1769506520934 1.84167 52
1769506523154 1.89678 53
1769506525286 1.84229 54
1769506527401 1.91589 55
1769506529538 1.72526 56
1769506531665 1.81734 57
1769506533806 1.86377 58
1769506535918 1.73568 59
1769506538049 1.98201 60
1769506540222 1.75623 61
1769506542359 1.69039 62
1769506544646 1.85868 63
1769506546773 1.67338 64
1769506548912 1.74651 65
1769506551055 1.60322 66
1769506553188 1.64643 67
1769506555309 1.62098 68
1769506557476 1.6965 69
1769506559596 1.57364 70
1769506561698 1.62788 71
1769506563904 1.5722 72
1769506566229 1.57499 73
1769506568591 1.73029 74
1769506570808 1.6316 75
1769506573070 1.62235 76
1769506575694 1.65197 77
1769506578177 1.45323 78
1769506580388 1.47197 79
1769506582627 1.44706 80
1769506584870 1.49263 81
1769506587332 1.51073 82
1769506589895 1.4696 83
1769506592212 1.38422 84
1769506594457 1.38449 85
1769506598153 1.47001 86
1769506600802 1.53697 87
1769506602929 1.47705 88
1769506605080 1.40349 89
1769506607199 1.45194 90
1769506609321 1.43624 91
1769506611438 1.39246 92
1769506613747 1.4672 93
1769506615872 1.42801 94
1769506617994 1.37642 95
1769506620095 1.4159 96
1769506622232 1.33048 97
1769506624362 1.2981 98
1769506626464 1.29596 99
1769506628587 1.31701 100
1769506630774 1.28671 101
1769506632912 1.29444 102
1769506635003 1.43592 103
1769506637136 1.45823 104
1769506639300 1.27054 105
1769506641430 1.30323 106
1769506643551 1.30798 107
1769506645856 1.24202 108
1769506648037 1.14216 109
1769506650192 1.26052 110
1769506652371 1.29063 111
1769506654547 1.37464 112
1769506656782 1.30479 113
1769506659083 1.23684 114
1769506661420 1.25377 115
1769506663796 1.17118 116
1769506666208 1.26078 117
1769506668404 1.25356 118
1769506670595 1.38567 119
1769506672863 1.23917 120
1769506675182 1.32029 121
1769506677588 1.21372 122
1769506679860 1.08304 123
1769506682658 1.28074 124
1769506685977 1.22679 125
1769506688607 1.23476 126
1769506691015 1.1435 127
1769506693202 1.1497 128
1769506695622 1.13277 129
1769506698356 1.13124 130
1769506700689 1.05231 131
1769506702874 1.31292 132
1769506705625 1.13404 133
1769506708740 1.21825 134
1769506712058 1.17528 135
1769506715419 1.12872 136
1769506717565 1.07135 137
1769506719686 1.19442 138
1769506721800 1.10045 139
1769506725129 1.09999 140
1769506727293 1.10501 141
1769506729369 1.02308 142
1769506731428 1.02447 143
1769506733508 1.04112 144
1769506735619 1.04194 145
1769506737699 1.03278 146
1769506739758 0.99682 147
1769506741818 1.06193 148
1769506743916 1.02817 149
