1769506387637 2.13052 0
1769506392552 2.09721 1
1769506395126 1.61483 2
1769506397591 1.71054 3
1769506400058 1.49623 4
1769506402352 1.64218 5
1769506404615 1.7741 6
1769506406923 1.57212 7
1769506409210 1.64281 8
1769506411622 1.66973 9
1769506413889 1.46637 10
1769506416168 1.58835 11
1769506418420 1.56734 12
1769506420790 1.54945 13
1769506422998 1.65059 14
1769506425259 1.6072 15
1769506427501 1.62848 16
1769506429763 1.5783 17
1769506432102 1.55272 18
1769506434296 1.53306 19
1769506436481 1.60325 20
1769506438806 1.479 21
1769506441005 1.53603 22
1769506443258 1.57176 23
1769506445606 1.5412 24
1769506448353 1.59479 25
1769506450969 1.51271 26
1769506453233 1.4944 27
1769506455510 1.48465 28
1769506457798 1.49414 29
1769506460137 1.57678 30
1769506462630 1.48476 31
1769506465155 1.47088 32
1769506467659 1.52179 33
1769506470484 1.54646 34
1769506472901 1.55596 35
1769506475763 1.48981 36
1769506479096 1.4922 37
1769506482790 1.42235 38
1769506485553 1.56831 39
1769506488353 1.54308 40
1769506491728 1.43837 41
1769506494540 1.44404 42
1769506498134 1.48037 43
1769506501648 1.5084 44
1769506504918 1.48942 45
1769506507842 1.39884 46
1769506510068 1.48705 47
1769506512373 1.52647 48
1769506514545 1.55924 49
1769506516673 1.42261 50
1769506518795 1.42276 51
1769506520934 1.37678 52
1769506523154 1.43549 53
1769506525286 1.39508 54
1769506527401 1.5036 55
1769506529538 1.29976 56
1769506531665 1.42317 57
1769506533806 1.35844 58
1769506535918 1.40842 59
1769506538049 1.37366 60
1769506540222 1.41255 61
1769506542359 1.37497 62
1769506544646 1.49328 63
1769506546773 1.33386 64
1769506548912 1.41452 65
1769506551055 1.27466 66
1769506553188 1.33648 67
1769506555309 1.35067 68
1769506557476 1.4039 69
1769506559596 1.30603 70
1769506561698 1.31852 71
1769506563904 1.34439 72
1769506566229 1.37107 73
1769506568591 1.37063 74
1769506570808 1.3345 75
1769506573070 1.35896 76
1769506575694 1.34669 77
1769506578177 1.27877 78
1769506580388 1.30763 79
1769506582627 1.27286 80
1769506584870 1.32784 81
1769506587332 1.22255 82
1769506589895 1.34393 83
1769506592212 1.29859 84
1769506594457 1.27875 85
1769506598153 1.26255 86
1769506600802 1.30097 87
1769506602929 1.32326 88
1769506605080 1.25749 89
1769506607199 1.30484 90
1769506609321 1.32691 91
1769506611438 1.33421 92
1769506613747 1.34286 93
1769506615872 1.28129 94
1769506617994 1.21672 95
1769506620095 1.30961 96
1769506622232 1.23295 97
1769506624362 1.19841 98
1769506626464 1.20621 99
1769506628587 1.22043 100
1769506630774 1.20314 101
1769506632912 1.2285 102
1769506635003 1.26246 103
1769506637136 1.25504 104
1769506639300 1.21323 105
1769506641430 1.22871 106
1769506643551 1.2235 107
1769506645856 1.24205 108
1769506648037 1.1355 109
1769506650192 1.21411 110
1769506652371 1.18164 111
1769506654547 1.2609 112
1769506656782 1.22257 113
1769506659083 1.18437 114
1769506661420 1.21942 115
1769506663796 1.15111 116
1769506666208 1.22275 117
1769506668404 1.21432 118
1769506670595 1.25978 119
1769506672863 1.18417 120
1769506675182 1.25775 121
1769506677588 1.17649 122
1769506679860 1.18052 123
1769506682658 1.21517 124
1769506685977 1.2288 125
1769506688607 1.13125 126
1769506691015 1.14645 127
1769506693202 1.1277 128
1769506695622 1.1099 129
1769506698356 1.12614 130
1769506700689 1.08309 131
1769506702874 1.24644 132
1769506705625 1.1389 133
1769506708740 1.14456 134
1769506712058 1.08624 135
1769506715419 1.14163 136
1769506717565 1.14076 137
1769506719686 1.19263 138
1769506721800 1.15363 139
1769506725129 1.13873 140
1769506727293 1.10258 141
1769506729369 1.07975 142
1769506731428 1.0693 143
1769506733508 1.11873 144
1769506735619 1.07047 145
1769506737699 1.11939 146
1769506739758 1.07888 147
1769506741818 1.10479 148
1769506743916 1.15767 149
