1769506387637 3.82498 0
1769506392552 3.09477 1
1769506395126 2.04268 2
1769506397591 1.9643 3
1769506400058 1.76103 4
1769506402352 1.62465 5
1769506404615 1.58688 6
1769506406923 1.65277 7
1769506409210 1.54381 8
1769506411622 1.70487 9
1769506413889 1.50927 10
1769506416168 1.43891 11
1769506418420 1.55408 12
1769506420790 1.53878 13
1769506422998 1.59389 14
1769506425259 1.58719 15
1769506427501 1.54275 16
1769506429763 1.54896 17
1769506432102 1.42341 18
1769506434296 1.35725 19
1769506436481 1.41644 20
1769506438806 1.37792 21
1769506441005 1.38316 22
1769506443258 1.39156 23
1769506445606 1.44837 24
1769506448353 1.32114 25
1769506450969 1.36034 26
1769506453233 1.3678 27
1769506455510 1.2615 28
1769506457798 1.28847 29
1769506460137 1.44926 30
1769506462630 1.30965 31
1769506465155 1.38436 32
1769506467659 1.23351 33
1769506470484 1.41338 34
1769506472901 1.28843 35
1769506475763 1.31859 36
1769506479096 1.2582 37
1769506482790 1.25924 38
1769506485553 1.34863 39
1769506488353 1.28843 40
1769506491728 1.36712 41
1769506494540 1.26266 42
1769506498134 1.19657 43
1769506501648 1.29148 44
1769506504918 1.30793 45
1769506507842 1.35229 46
1769506510068 1.08023 47
1769506512373 1.30751 48
1769506514545 1.24775 49
1769506516673 1.25607 50
1769506518795 1.24947 51
1769506520934 1.30774 52
1769506523154 1.21741 53
1769506525286 1.23454 54
1769506527401 1.14603 55
1769506529538 1.10603 56
1769506531665 1.17797 57
1769506533806 1.21086 58
1769506535918 1.18161 59
1769506538049 1.19992 60
1769506540222 1.05326 61
1769506542359 1.12582 62
1769506544646 1.22614 63
1769506546773 1.03802 64
1769506548912 1.21392 65
1769506551055 1.10737 66
1769506553188 1.08215 67
1769506555309 1.10225 68
1769506557476 0.98755 69
1769506559596 1.05801 70
1769506561698 0.98707 71
1769506563904 1.06599 72
1769506566229 1.02976 73
1769506568591 1.07153 74
1769506570808 1.1819 75
1769506573070 1.14671 76
1769506575694 1.0387 77
1769506578177 0.99293 78
1769506580388 1.19605 79
1769506582627 1.04012 80
1769506584870 1.10084 81
1769506587332 1.07825 82
1769506589895 1.02788 83
1769506592212 0.98962 84
1769506594457 0.96468 85
1769506598153 0.96185 86
1769506600802 1.23627 87
1769506602929 1.16235 88
1769506605080 1.05623 89
1769506607199 1.08152 90
1769506609321 1.04431 91
1769506611438 1.04319 92
1769506613747 1.07823 93
1769506615872 1.19341 94
1769506617994 1.07008 95
1769506620095 1.03751 96
1769506622232 0.97867 97
1769506624362 1.00182 98
1769506626464 1.00945 99
1769506628587 1.01937 100
1769506630774 0.90223 101
1769506632912 1.00116 102
1769506635003 0.93503 103
1769506637136 0.9695 104
1769506639300 0.92265 105
1769506641430 1.11728 106
1769506643551 0.99635 107
1769506645856 1.04783 108
1769506648037 0.98727 109
1769506650192 0.91888 110
1769506652371 1.05406 111
1769506654547 0.99393 112
1769506656782 1.00489 113
1769506659083 1.08043 114
1769506661420 0.88037 115
1769506663796 0.89129 116
1769506666208 0.99487 117
1769506668404 0.9337 118
1769506670595 0.96767 119
1769506672863 0.91714 120
1769506675182 0.89645 121
1769506677588 0.98251 122
1769506679860 0.95831 123
1769506682658 0.98768 124
1769506685977 0.95849 125
1769506688607 1.06254 126
1769506691015 0.96725 127
1769506693202 0.86847 128
1769506695622 0.94261 129
1769506698356 1.0135 130
1769506700689 0.95558 131
1769506702874 0.93803 132
1769506705625 0.96765 133
1769506708740 0.9061 134
1769506712058 0.97143 135
1769506715419 0.94715 136
1769506717565 0.90905 137
1769506719686 0.98553 138
1769506721800 0.97366 139
1769506725129 0.89348 140
1769506727293 0.89098 141
1769506729369 0.89037 142
1769506731428 0.8635 143
1769506733508 0.89329 144
1769506735619 0.8372 145
1769506737699 0.93139 146
1769506739758 0.91818 147
1769506741818 0.82135 148
1769506743916 0.86538 149
