1769506390433 0.00104 0
1769506393036 0.0 1
1769506395528 0.0 2
1769506398154 0.00019 3
1769506400450 0.0165 4
1769506402755 0.00525 5
1769506405033 0.01418 6
1769506407330 0.02339 7
1769506409602 0.01377 8
1769506412057 0.12093 9
1769506414302 0.03341 10
1769506416569 0.044 11
1769506418833 0.12891 12
1769506421188 0.15205 13
1769506423387 0.06048 14
1769506425699 0.14646 15
1769506427936 0.12697 16
1769506430315 0.07724 17
1769506432474 0.15449 18
1769506434667 0.13273 19
1769506436897 0.17318 20
1769506439163 0.12225 21
1769506441471 0.14943 22
1769506443714 0.20239 23
1769506446480 0.14818 24
1769506449139 0.2384 25
1769506451418 0.20302 26
1769506453683 0.18893 27
1769506455999 0.14351 28
1769506458344 0.12481 29
1769506460862 0.3442 30
1769506463363 0.32197 31
1769506465783 0.33821 32
1769506468716 0.13979 33
1769506471133 0.20794 34
1769506473993 0.15481 35
1769506477311 0.17266 36
1769506481024 0.18913 37
1769506483792 0.13999 38
1769506486575 0.26577 39
1769506489931 0.13537 40
1769506492780 0.19584 41
1769506496372 0.24709 42
1769506499876 0.26788 43
1769506503125 0.28949 44
1769506506051 0.2494 45
1769506508201 0.29199 46
1769506510597 0.23994 47
1769506512737 0.29002 48
1769506514905 0.35132 49
1769506517030 0.38559 50
1769506519157 0.34077 51
1769506521297 0.28617 52
1769506523522 0.10388 53
1769506525624 0.06099 54
1769506527765 0.20313 55
1769506529884 0.29719 56
1769506532037 0.29977 57
1769506534167 0.2575 58
1769506536283 0.39276 59
1769506538449 0.32915 60
1769506540580 0.41228 61
1769506542888 0.36832 62
1769506545008 0.35572 63
1769506547114 0.31449 64
1769506549280 0.28639 65
1769506551410 0.31896 66
1769506553544 0.29641 67
1769506555671 0.26471 68
1769506557830 0.34919 69
1769506559941 0.32641 70
1769506562083 0.29627 71
1769506564450 0.39154 72
1769506566835 0.26125 73
1769506569027 0.45667 74
1769506571301 0.34945 75
1769506573908 0.3412 76
1769506576421 0.3615 77
1769506578611 0.46785 78
1769506580845 0.39863 79
1769506583075 0.33761 80
1769506585564 0.46095 81
1769506588126 0.49849 82
1769506590459 0.47255 83
1769506592650 0.57029 84
1769506596397 0.49302 85
1769506599037 0.42192 86
1769506601152 0.48291 87
1769506603306 0.52048 88
1769506605436 0.40814 89
1769506607564 0.46442 90
1769506609676 0.51257 91
1769506611966 0.48492 92
1769506614098 0.501 93
1769506616220 0.46363 94
1769506618329 0.39417 95
1769506620447 0.35663 96
1769506622584 0.46857 97
1769506624695 0.43686 98
1769506626807 0.54099 99
1769506628971 0.56019 100
1769506631150 0.36647 101
1769506633249 0.39792 102
1769506635363 0.49998 103
1769506637483 0.53746 104
1769506639656 0.44797 105
1769506641770 0.43174 106
1769506644063 0.52332 107
1769506646215 0.45041 108
1769506648393 0.41338 109
1769506650553 0.42729 110
1769506652755 0.51775 111
1769506655004 0.48847 112
1769506657305 0.44969 113
1769506659673 0.4307 114
1769506662022 0.42431 115
1769506664414 0.43931 116
1769506666626 0.48774 117
1769506668834 0.48119 118
1769506671018 0.50016 119
1769506673389 0.51588 120
1769506675778 0.52674 121
1769506678111 0.51673 122
1769506680889 0.59045 123
1769506684205 0.54576 124
1769506686839 0.48367 125
1769506689244 0.48877 126
1769506691443 0.48511 127
1769506693818 0.50655 128
1769506696608 0.56802 129
1769506698937 0.53639 130
1769506701106 0.51344 131
1769506703820 0.51144 132
1769506706977 0.53187 133
1769506710307 0.53984 134
1769506713654 0.5487 135
1769506715763 0.55885 136
1769506717920 0.54956 137
1769506720022 0.57363 138
1769506722156 0.55008 139
1769506725500 0.56785 140
1769506727625 0.53171 141
1769506729697 0.53791 142
1769506731776 0.54337 143
1769506733849 0.5309 144
1769506735960 0.53829 145
1769506738026 0.53745 146
1769506740073 0.53662 147
1769506742160 0.57643 148
1769506744553 0.57899 149
1769506750438 0.5606378120755823 149
