1769506390433 0.00173 0
1769506393036 0.00209 1
1769506395528 0.00257 2
1769506398154 0.00154 3
1769506400450 0.01727 4
1769506402755 0.01439 5
1769506405033 0.02596 6
1769506407330 0.03179 7
1769506409602 0.01805 8
1769506412057 0.08097 9
1769506414302 0.03166 10
1769506416569 0.03906 11
1769506418833 0.07472 12
1769506421188 0.05727 13
1769506423387 0.05219 14
1769506425699 0.09066 15
1769506427936 0.10594 16
1769506430315 0.09895 17
1769506432474 0.08646 18
1769506434667 0.09062 19
1769506436897 0.10168 20
1769506439163 0.06396 21
1769506441471 0.12471 22
1769506443714 0.07337 23
1769506446480 0.09063 24
1769506449139 0.2153 25
1769506451418 0.18347 26
1769506453683 0.1604 27
1769506455999 0.10639 28
1769506458344 0.1224 29
1769506460862 0.23825 30
1769506463363 0.24876 31
1769506465783 0.21489 32
1769506468716 0.14404 33
1769506471133 0.18012 34
1769506473993 0.12542 35
1769506477311 0.11841 36
1769506481024 0.14764 37
1769506483792 0.09292 38
1769506486575 0.13251 39
1769506489931 0.12525 40
1769506492780 0.13391 41
1769506496372 0.10119 42
1769506499876 0.14657 43
1769506503125 0.14405 44
1769506506051 0.15025 45
1769506508201 0.16112 46
1769506510597 0.12125 47
1769506512737 0.14388 48
1769506514905 0.16963 49
1769506517030 0.19265 50
1769506519157 0.16763 51
1769506521297 0.16665 52
1769506523522 0.12398 53
1769506525624 0.09171 54
1769506527765 0.13648 55
1769506529884 0.17454 56
1769506532037 0.15693 57
1769506534167 0.13175 58
1769506536283 0.23248 59
1769506538449 0.17969 60
1769506540580 0.21324 61
1769506542888 0.21551 62
1769506545008 0.21613 63
1769506547114 0.23787 64
1769506549280 0.16356 65
1769506551410 0.17522 66
1769506553544 0.17705 67
1769506555671 0.14101 68
1769506557830 0.17083 69
1769506559941 0.15523 70
1769506562083 0.11944 71
1769506564450 0.21357 72
1769506566835 0.15003 73
1769506569027 0.22812 74
1769506571301 0.16014 75
1769506573908 0.16928 76
1769506576421 0.20086 77
1769506578611 0.22378 78
1769506580845 0.19097 79
1769506583075 0.14992 80
1769506585564 0.24995 81
1769506588126 0.28751 82
1769506590459 0.27809 83
1769506592650 0.28523 84
1769506596397 0.30436 85
1769506599037 0.26025 86
1769506601152 0.25348 87
1769506603306 0.25798 88
1769506605436 0.2094 89
1769506607564 0.25315 90
1769506609676 0.30047 91
1769506611966 0.28068 92
1769506614098 0.29333 93
1769506616220 0.25718 94
1769506618329 0.21073 95
1769506620447 0.21316 96
1769506622584 0.23138 97
1769506624695 0.24245 98
1769506626807 0.29379 99
1769506628971 0.34569 100
1769506631150 0.2166 101
1769506633249 0.2252 102
1769506635363 0.28969 103
1769506637483 0.31238 104
1769506639656 0.27973 105
1769506641770 0.25253 106
1769506644063 0.31104 107
1769506646215 0.2859 108
1769506648393 0.30197 109
1769506650553 0.30776 110
1769506652755 0.32584 111
1769506655004 0.31306 112
1769506657305 0.26041 113
1769506659673 0.23909 114
1769506662022 0.24726 115
1769506664414 0.26946 116
1769506666626 0.28725 117
1769506668834 0.29669 118
1769506671018 0.27847 119
1769506673389 0.2945 120
1769506675778 0.29334 121
1769506678111 0.29839 122
1769506680889 0.30463 123
1769506684205 0.31055 124
1769506686839 0.30313 125
1769506689244 0.28637 126
1769506691443 0.27342 127
1769506693818 0.30235 128
1769506696608 0.3439 129
1769506698937 0.34307 130
1769506701106 0.29844 131
1769506703820 0.27294 132
1769506706977 0.26881 133
1769506710307 0.27883 134
1769506713654 0.28921 135
1769506715763 0.31445 136
1769506717920 0.2958 137
1769506720022 0.29365 138
1769506722156 0.30007 139
1769506725500 0.31537 140
1769506727625 0.31638 141
1769506729697 0.32432 142
1769506731776 0.32941 143
1769506733849 0.32379 144
1769506735960 0.31469 145
1769506738026 0.32241 146
1769506740073 0.32688 147
1769506742160 0.32476 148
1769506744553 0.33834 149
1769506750438 0.3462811942718619 149
