1769506390433 0.00448 0
1769506393036 0.00674 1
1769506395528 0.0082 2
1769506398154 0.00304 3
1769506400450 0.04436 4
1769506402755 0.04542 5
1769506405033 0.05156 6
1769506407330 0.06349 7
1769506409602 0.04526 8
1769506412057 0.20172 9
1769506414302 0.06115 10
1769506416569 0.0994 11
1769506418833 0.14579 12
1769506421188 0.19147 13
1769506423387 0.10642 14
1769506425699 0.15231 15
1769506427936 0.19906 16
1769506430315 0.20376 17
1769506432474 0.18181 18
1769506434667 0.20138 19
1769506436897 0.17465 20
1769506439163 0.15134 21
1769506441471 0.18868 22
1769506443714 0.16911 23
1769506446480 0.21798 24
1769506449139 0.30428 25
1769506451418 0.36911 26
1769506453683 0.26726 27
1769506455999 0.20494 28
1769506458344 0.20566 29
1769506460862 0.34808 30
1769506463363 0.42341 31
1769506465783 0.33933 32
1769506468716 0.21978 33
1769506471133 0.32001 34
1769506473993 0.23592 35
1769506477311 0.23984 36
1769506481024 0.28636 37
1769506483792 0.2473 38
1769506486575 0.28306 39
1769506489931 0.26712 40
1769506492780 0.23168 41
1769506496372 0.19227 42
1769506499876 0.28889 43
1769506503125 0.31867 44
1769506506051 0.26214 45
1769506508201 0.3314 46
1769506510597 0.23672 47
1769506512737 0.33119 48
1769506514905 0.32522 49
1769506517030 0.39367 50
1769506519157 0.34635 51
1769506521297 0.29628 52
1769506523522 0.24451 53
1769506525624 0.18836 54
1769506527765 0.25764 55
1769506529884 0.38234 56
1769506532037 0.29364 57
1769506534167 0.26934 58
1769506536283 0.39192 59
1769506538449 0.35396 60
1769506540580 0.4012 61
1769506542888 0.37945 62
1769506545008 0.38388 63
1769506547114 0.37486 64
1769506549280 0.28687 65
1769506551410 0.33566 66
1769506553544 0.33699 67
1769506555671 0.28799 68
1769506557830 0.39219 69
1769506559941 0.34953 70
1769506562083 0.29651 71
1769506564450 0.43097 72
1769506566835 0.30053 73
1769506569027 0.41344 74
1769506571301 0.3588 75
1769506573908 0.29083 76
1769506576421 0.3921 77
1769506578611 0.48791 78
1769506580845 0.43556 79
1769506583075 0.34075 80
1769506585564 0.46999 81
1769506588126 0.51227 82
1769506590459 0.48373 83
1769506592650 0.60837 84
1769506596397 0.55285 85
1769506599037 0.48643 86
1769506601152 0.51225 87
1769506603306 0.52751 88
1769506605436 0.4304 89
1769506607564 0.47304 90
1769506609676 0.5465 91
1769506611966 0.49763 92
1769506614098 0.53904 93
1769506616220 0.48296 94
1769506618329 0.42864 95
1769506620447 0.40583 96
1769506622584 0.4263 97
1769506624695 0.45813 98
1769506626807 0.51615 99
1769506628971 0.55455 100
1769506631150 0.39259 101
1769506633249 0.41482 102
1769506635363 0.49614 103
1769506637483 0.52941 104
1769506639656 0.43279 105
1769506641770 0.45964 106
1769506644063 0.51497 107
1769506646215 0.45316 108
1769506648393 0.48932 109
1769506650553 0.48626 110
1769506652755 0.59505 111
1769506655004 0.50714 112
1769506657305 0.4695 113
1769506659673 0.43188 114
1769506662022 0.42431 115
1769506664414 0.41247 116
1769506666626 0.49323 117
1769506668834 0.53493 118
1769506671018 0.55093 119
1769506673389 0.57507 120
1769506675778 0.56604 121
1769506678111 0.54208 122
1769506680889 0.57879 123
1769506684205 0.52181 124
1769506686839 0.47449 125
1769506689244 0.47268 126
1769506691443 0.47764 127
1769506693818 0.50655 128
1769506696608 0.53746 129
1769506698937 0.53957 130
1769506701106 0.512 131
1769506703820 0.48992 132
1769506706977 0.50428 133
1769506710307 0.52543 134
1769506713654 0.53448 135
1769506715763 0.55887 136
1769506717920 0.5587 137
1769506720022 0.57291 138
1769506722156 0.56856 139
1769506725500 0.5615 140
1769506727625 0.56232 141
1769506729697 0.57559 142
1769506731776 0.57706 143
1769506733849 0.54523 144
1769506735960 0.56908 145
1769506738026 0.57035 146
1769506740073 0.56512 147
1769506742160 0.56926 148
1769506744553 0.56926 149
1769506750438 0.5539056942635205 149
