1769506390433 0.00012 0
1769506393036 0.0 1
1769506395528 0.0 2
1769506398154 8e-05 3
1769506400450 0.00592 4
1769506402755 0.00116 5
1769506405033 0.0066 6
1769506407330 0.00845 7
1769506409602 0.00644 8
1769506412057 0.03134 9
1769506414302 0.01451 10
1769506416569 0.01514 11
1769506418833 0.02431 12
1769506421188 0.03945 13
1769506423387 0.02853 14
1769506425699 0.05948 15
1769506427936 0.05872 16
1769506430315 0.03518 17
1769506432474 0.06815 18
1769506434667 0.0634 19
1769506436897 0.07379 20
1769506439163 0.06989 21
1769506441471 0.0582 22
1769506443714 0.0792 23
1769506446480 0.0732 24
1769506449139 0.10026 25
1769506451418 0.06809 26
1769506453683 0.08684 27
1769506455999 0.04854 28
1769506458344 0.05604 29
1769506460862 0.16857 30
1769506463363 0.1409 31
1769506465783 0.11543 32
1769506468716 0.08747 33
1769506471133 0.11696 34
1769506473993 0.09032 35
1769506477311 0.07459 36
1769506481024 0.07376 37
1769506483792 0.04224 38
1769506486575 0.07678 39
1769506489931 0.05771 40
1769506492780 0.0855 41
1769506496372 0.08482 42
1769506499876 0.10006 43
1769506503125 0.13209 44
1769506506051 0.10261 45
1769506508201 0.13414 46
1769506510597 0.09467 47
1769506512737 0.10683 48
1769506514905 0.11165 49
1769506517030 0.14466 50
1769506519157 0.12348 51
1769506521297 0.0961 52
1769506523522 0.04072 53
1769506525624 0.0255 54
1769506527765 0.07237 55
1769506529884 0.0852 56
1769506532037 0.09239 57
1769506534167 0.06855 58
1769506536283 0.15583 59
1769506538449 0.12327 60
1769506540580 0.15465 61
1769506542888 0.13463 62
1769506545008 0.14347 63
1769506547114 0.13832 64
1769506549280 0.09171 65
1769506551410 0.12776 66
1769506553544 0.11898 67
1769506555671 0.0982 68
1769506557830 0.11489 69
1769506559941 0.11172 70
1769506562083 0.10241 71
1769506564450 0.15712 72
1769506566835 0.10715 73
1769506569027 0.13983 74
1769506571301 0.12964 75
1769506573908 0.12413 76
1769506576421 0.14413 77
1769506578611 0.18191 78
1769506580845 0.15328 79
1769506583075 0.12434 80
1769506585564 0.1634 81
1769506588126 0.19776 82
1769506590459 0.17102 83
1769506592650 0.17416 84
1769506596397 0.18214 85
1769506599037 0.15261 86
1769506601152 0.17633 87
1769506603306 0.18601 88
1769506605436 0.13535 89
1769506607564 0.12263 90
1769506609676 0.15815 91
1769506611966 0.12052 92
1769506614098 0.13771 93
1769506616220 0.10401 94
1769506618329 0.09868 95
1769506620447 0.09776 96
1769506622584 0.12298 97
1769506624695 0.14325 98
1769506626807 0.16935 99
1769506628971 0.22059 100
1769506631150 0.14034 101
1769506633249 0.16018 102
1769506635363 0.20541 103
1769506637483 0.22071 104
1769506639656 0.18116 105
1769506641770 0.15314 106
1769506644063 0.22146 107
1769506646215 0.17607 108
1769506648393 0.18667 109
1769506650553 0.1777 110
1769506652755 0.20737 111
1769506655004 0.20787 112
1769506657305 0.17657 113
1769506659673 0.17138 114
1769506662022 0.16899 115
1769506664414 0.20898 116
1769506666626 0.20377 117
1769506668834 0.17878 118
1769506671018 0.16762 119
1769506673389 0.16792 120
1769506675778 0.21201 121
1769506678111 0.20721 122
1769506680889 0.21661 123
1769506684205 0.21521 124
1769506686839 0.19202 125
1769506689244 0.17932 126
1769506691443 0.16974 127
1769506693818 0.1793 128
1769506696608 0.1996 129
1769506698937 0.20253 130
1769506701106 0.17398 131
1769506703820 0.17872 132
1769506706977 0.17765 133
1769506710307 0.19834 134
1769506713654 0.20279 135
1769506715763 0.21596 136
1769506717920 0.21426 137
1769506720022 0.21052 138
1769506722156 0.20146 139
1769506725500 0.21621 140
1769506727625 0.20241 141
1769506729697 0.21616 142
1769506731776 0.22301 143
1769506733849 0.21894 144
1769506735960 0.22323 145
1769506738026 0.22209 146
1769506740073 0.22067 147
1769506742160 0.22664 148
1769506744553 0.22728 149
1769506750438 0.22072958564968825 149
