1769506390433 0.00067 0
1769506393036 0.0 1
1769506395528 0.0 2
1769506398154 0.00033 3
1769506400450 0.002 4
1769506402755 0.00133 5
1769506405033 0.00167 6
1769506407330 0.00167 7
1769506409602 0.001 8
1769506412057 0.36639 9
1769506414302 0.28805 10
1769506416569 0.08581 11
1769506418833 0.23494 12
1769506421188 0.22261 13
1769506423387 0.3516 14
1769506425699 0.60795 15
1769506427936 0.22176 16
1769506430315 0.87395 17
1769506432474 0.20959 18
1769506434667 0.2265 19
1769506436897 0.24257 20
1769506439163 0.66106 21
1769506441471 0.36221 22
1769506443714 0.26564 23
1769506446480 0.29543 24
1769506449139 0.49717 25
1769506451418 0.58016 26
1769506453683 0.48772 27
1769506455999 0.36832 28
1769506458344 0.29558 29
1769506460862 0.654 30
1769506463363 0.75528 31
1769506465783 0.93025 32
1769506468716 0.90862 33
1769506471133 0.74499 34
1769506473993 0.28417 35
1769506477311 0.24877 36
1769506481024 0.45617 37
1769506483792 0.20394 38
1769506486575 0.4533 39
1769506489931 0.20706 40
1769506492780 0.55402 41
1769506496372 0.49229 42
1769506499876 0.55109 43
1769506503125 0.35198 44
1769506506051 0.39913 45
1769506508201 0.40199 46
1769506510597 0.55481 47
1769506512737 0.53883 48
1769506514905 0.39566 49
1769506517030 0.73187 50
1769506519157 0.34939 51
1769506521297 0.43622 52
1769506523522 0.56233 53
1769506525624 0.38974 54
1769506527765 0.46988 55
1769506529884 0.66519 56
1769506532037 0.57775 57
1769506534167 0.44685 58
1769506536283 0.66655 59
1769506538449 0.56019 60
1769506540580 0.65876 61
1769506542888 0.2913 62
1769506545008 0.37949 63
1769506547114 0.91161 64
1769506549280 0.38204 65
1769506551410 0.30131 66
1769506553544 0.39682 67
1769506555671 0.37243 68
1769506557830 0.45976 69
1769506559941 0.57887 70
1769506562083 0.49401 71
1769506564450 0.71546 72
1769506566835 0.45513 73
1769506569027 0.68007 74
1769506571301 0.33601 75
1769506573908 0.44035 76
1769506576421 0.55372 77
1769506578611 0.86113 78
1769506580845 0.47578 79
1769506583075 0.40869 80
1769506585564 0.46627 81
1769506588126 0.7282 82
1769506590459 0.65101 83
1769506592650 0.654 84
1769506596397 0.74132 85
1769506599037 0.55601 86
1769506601152 0.55667 87
1769506603306 0.56704 88
1769506605436 0.65447 89
1769506607564 0.47487 90
1769506609676 0.6289 91
1769506611966 0.58902 92
1769506614098 0.717 93
1769506616220 0.55791 94
1769506618329 0.52665 95
1769506620447 0.51762 96
1769506622584 0.44546 97
1769506624695 0.48743 98
1769506626807 0.47137 99
1769506628971 0.60536 100
1769506631150 0.46647 101
1769506633249 0.3988 102
1769506635363 0.59716 103
1769506637483 0.65211 104
1769506639656 0.4743 105
1769506641770 0.46729 106
1769506644063 0.59232 107
1769506646215 0.47976 108
1769506648393 0.64016 109
1769506650553 0.55115 110
1769506652755 0.71893 111
1769506655004 0.59686 112
1769506657305 0.36022 113
1769506659673 0.41175 114
1769506662022 0.45359 115
1769506664414 0.57114 116
1769506666626 0.56316 117
1769506668834 0.59591 118
1769506671018 0.44437 119
1769506673389 0.64022 120
1769506675778 0.56858 121
1769506678111 0.49906 122
1769506680889 0.52802 123
1769506684205 0.54073 124
1769506686839 0.4492 125
1769506689244 0.43052 126
1769506691443 0.71724 127
1769506693818 0.83711 128
1769506696608 0.38597 129
1769506698937 0.6052 130
1769506701106 0.66784 131
1769506703820 0.52136 132
1769506706977 0.44455 133
1769506710307 0.75568 134
1769506713654 0.7709 135
1769506715763 0.47123 136
1769506717920 0.85399 137
1769506720022 0.76101 138
1769506722156 0.37293 139
1769506725500 0.37313 140
1769506727625 0.67604 141
1769506729697 0.68508 142
1769506731776 0.49749 143
1769506733849 0.4749 144
1769506735960 0.57944 145
1769506738026 0.58588 146
1769506740073 0.57066 147
1769506742160 0.47681 148
1769506744553 0.47873 149
1769506750438 0.6043504550967238 149
