1769506390433 0.11765 0
1769506393036 0.0 1
1769506395528 0.0 2
1769506398154 0.05882 3
1769506400450 0.35294 4
1769506402755 0.23529 5
1769506405033 0.29412 6
1769506407330 0.29412 7
1769506409602 0.17647 8
1769506412057 0.11765 9
1769506414302 0.05882 10
1769506416569 0.23529 11
1769506418833 0.17647 12
1769506421188 0.29412 13
1769506423387 0.11765 14
1769506425699 0.11765 15
1769506427936 0.21863 16
1769506430315 0.05882 17
1769506432474 0.23529 18
1769506434667 0.35294 19
1769506436897 0.47059 20
1769506439163 0.11765 21
1769506441471 0.23529 22
1769506443714 0.52941 23
1769506446480 0.23529 24
1769506449139 0.23296 25
1769506451418 0.17647 26
1769506453683 0.29412 27
1769506455999 0.17647 28
1769506458344 0.23529 29
1769506460862 0.35294 30
1769506463363 0.29412 31
1769506465783 0.23529 32
1769506468716 0.11765 33
1769506471133 0.17293 34
1769506473993 0.17647 35
1769506477311 0.31224 36
1769506481024 0.23529 37
1769506483792 0.29412 38
1769506486575 0.41176 39
1769506489931 0.23529 40
1769506492780 0.23529 41
1769506496372 0.35294 42
1769506499876 0.29412 43
1769506503125 0.47059 44
1769506506051 0.23529 45
1769506508201 0.35294 46
1769506510597 0.29333 47
1769506512737 0.34437 48
1769506514905 0.46251 49
1769506517030 0.29412 50
1769506519157 0.41176 51
1769506521297 0.35294 52
1769506523522 0.11765 53
1769506525624 0.11765 54
1769506527765 0.29412 55
1769506529884 0.29412 56
1769506532037 0.29412 57
1769506534167 0.35294 58
1769506536283 0.29412 59
1769506538449 0.41176 60
1769506540580 0.29412 61
1769506542888 0.48393 62
1769506545008 0.35294 63
1769506547114 0.23529 64
1769506549280 0.29412 65
1769506551410 0.35294 66
1769506553544 0.35294 67
1769506555671 0.41176 68
1769506557830 0.47059 69
1769506559941 0.35294 70
1769506562083 0.41176 71
1769506564450 0.35294 72
1769506566835 0.41176 73
1769506569027 0.47059 74
1769506571301 0.47059 75
1769506573908 0.50981 76
1769506576421 0.35294 77
1769506578611 0.29412 78
1769506580845 0.41176 79
1769506583075 0.47059 80
1769506585564 0.5145 81
1769506588126 0.52941 82
1769506590459 0.41176 83
1769506592650 0.58824 84
1769506596397 0.41176 85
1769506599037 0.44307 86
1769506601152 0.41176 87
1769506603306 0.47059 88
1769506605436 0.29412 89
1769506607564 0.47059 90
1769506609676 0.52941 91
1769506611966 0.47059 92
1769506614098 0.47059 93
1769506616220 0.47059 94
1769506618329 0.47059 95
1769506620447 0.47059 96
1769506622584 0.58824 97
1769506624695 0.47059 98
1769506626807 0.64706 99
1769506628971 0.47059 100
1769506631150 0.47059 101
1769506633249 0.46834 102
1769506635363 0.41176 103
1769506637483 0.47059 104
1769506639656 0.47059 105
1769506641770 0.52941 106
1769506644063 0.47059 107
1769506646215 0.47059 108
1769506648393 0.41176 109
1769506650553 0.41176 110
1769506652755 0.52941 111
1769506655004 0.47059 112
1769506657305 0.58824 113
1769506659673 0.49479 114
1769506662022 0.47059 115
1769506664414 0.35294 116
1769506666626 0.41176 117
1769506668834 0.41176 118
1769506671018 0.52941 119
1769506673389 0.47059 120
1769506675778 0.47059 121
1769506678111 0.46893 122
1769506680889 0.64706 123
1769506684205 0.64706 124
1769506686839 0.64706 125
1769506689244 0.64706 126
1769506691443 0.35294 127
1769506693818 0.35294 128
1769506696608 0.77678 129
1769506698937 0.41176 130
1769506701106 0.41176 131
1769506703820 0.47059 132
1769506706977 0.76471 133
1769506710307 0.41176 134
1769506713654 0.39719 135
1769506715763 0.47059 136
1769506717920 0.34516 137
1769506720022 0.37626 138
1769506722156 0.64706 139
1769506725500 0.64706 140
1769506727625 0.41176 141
1769506729697 0.41176 142
1769506731776 0.58263 143
1769506733849 0.53214 144
1769506735960 0.47059 145
1769506738026 0.47059 146
1769506740073 0.47059 147
1769506742160 0.70588 148
1769506744553 0.70244 149
1769506750438 0.47058823529411764 149
