1769506387637 0.0009000000000000001 0
1769506392552 0.0018873345999999998 1
1769506395126 0.0028613372000000003 2
1769506397591 0.0038220078 3
1769506400058 0.004769346400000001 4
1769506402352 0.005703353 5
1769506404615 0.0066240276 6
1769506406923 0.007531370200000001 7
1769506409210 0.0084253808 8
1769506411622 0.0093060594 9
1769506413889 0.0093334 10
1769506416168 0.00926674 11
1769506418420 0.009200080000000001 12
1769506420790 0.00913342 13
1769506422998 0.00906676 14
1769506425259 0.0090001 15
1769506427501 0.00893344 16
1769506429763 0.008866780000000001 17
1769506432102 0.00880012 18
1769506434296 0.00873346 19
1769506436481 0.0086668 20
1769506438806 0.00860014 21
1769506441005 0.00853348 22
1769506443258 0.00846682 23
1769506445606 0.00840016 24
1769506448353 0.0083335 25
1769506450969 0.00826684 26
1769506453233 0.00820018 27
1769506455510 0.00813352 28
1769506457798 0.00806686 29
1769506460137 0.0080002 30
1769506462630 0.00793354 31
1769506465155 0.00786688 32
1769506467659 0.00780022 33
1769506470484 0.00773356 34
1769506472901 0.0076669 35
1769506475763 0.00760024 36
1769506479096 0.00753358 37
1769506482790 0.007466919999999999 38
1769506485553 0.00740026 39
1769506488353 0.0073336 40
1769506491728 0.00726694 41
1769506494540 0.00720028 42
1769506498134 0.00713362 43
1769506501648 0.00706696 44
1769506504918 0.007000299999999999 45
1769506507842 0.00693364 46
1769506510068 0.006866980000000001 47
1769506512373 0.0068003199999999995 48
1769506514545 0.006733660000000001 49
1769506516673 0.006667000000000001 50
1769506518795 0.006600339999999999 51
1769506520934 0.00653368 52
1769506523154 0.00646702 53
1769506525286 0.006400360000000001 54
1769506527401 0.0063337 55
1769506529538 0.006267040000000001 56
1769506531665 0.00620038 57
1769506533806 0.00613372 58
1769506535918 0.00606706 59
1769506538049 0.0060004 60
1769506540222 0.00593374 61
1769506542359 0.00586708 62
1769506544646 0.005800420000000001 63
1769506546773 0.005733759999999999 64
1769506548912 0.0056671 65
1769506551055 0.005600440000000001 66
1769506553188 0.00553378 67
1769506555309 0.00546712 68
1769506557476 0.00540046 69
1769506559596 0.0053338 70
1769506561698 0.005267139999999999 71
1769506563904 0.00520048 72
1769506566229 0.00513382 73
1769506568591 0.005067159999999999 74
1769506570808 0.0050005 75
1769506573070 0.004933839999999999 76
1769506575694 0.0048671800000000005 77
1769506578177 0.00480052 78
1769506580388 0.00473386 79
1769506582627 0.004667200000000001 80
1769506584870 0.004600539999999999 81
1769506587332 0.0045338800000000005 82
1769506589895 0.00446722 83
1769506592212 0.0044005599999999995 84
1769506594457 0.0043339 85
1769506598153 0.00426724 86
1769506600802 0.004200580000000001 87
1769506602929 0.00413392 88
1769506605080 0.00406726 89
1769506607199 0.0040006 90
1769506609321 0.0039339399999999995 91
1769506611438 0.0038672800000000003 92
1769506613747 0.00380062 93
1769506615872 0.0037339599999999997 94
1769506617994 0.0036673 95
1769506620095 0.00360064 96
1769506622232 0.0035339800000000004 97
1769506624362 0.00346732 98
1769506626464 0.00340066 99
1769506628587 0.003334 100
1769506630774 0.0032673399999999997 101
1769506632912 0.0032006799999999996 102
1769506635003 0.0031340200000000004 103
1769506637136 0.0030673599999999994 104
1769506639300 0.0030007000000000007 105
1769506641430 0.00293404 106
1769506643551 0.0028673799999999992 107
1769506645856 0.0028007200000000005 108
1769506648037 0.00273406 109
1769506650192 0.0026674000000000003 110
1769506652371 0.0026007400000000003 111
1769506654547 0.0025340799999999998 112
1769506656782 0.00246742 113
1769506659083 0.00240076 114
1769506661420 0.0023340999999999995 115
1769506663796 0.00226744 116
1769506666208 0.00220078 117
1769506668404 0.0021341200000000006 118
1769506670595 0.0020674599999999997 119
1769506672863 0.0020007999999999996 120
1769506675182 0.00193414 121
1769506677588 0.0018674799999999997 122
1769506679860 0.0018008200000000005 123
1769506682658 0.00173416 124
1769506685977 0.0016674999999999995 125
1769506688607 0.0016008400000000003 126
1769506691015 0.0015341799999999998 127
1769506693202 0.0014675199999999995 128
1769506695622 0.00140086 129
1769506698356 0.0013341999999999996 130
1769506700689 0.0012675400000000004 131
1769506702874 0.00120088 132
1769506705625 0.0011342199999999996 133
1769506708740 0.0010675600000000004 134
1769506712058 0.0010008999999999999 135
1769506715419 0.0009342400000000005 136
1769506717565 0.0008675800000000001 137
1769506719686 0.0008009199999999997 138
1769506721800 0.0007342600000000004 139
1769506725129 0.0006675999999999999 140
1769506727293 0.0006009400000000005 141
1769506729369 0.0005342800000000001 142
1769506731428 0.0004676199999999997 143
1769506733508 0.00040096000000000044 144
1769506735619 0.00033429999999999994 145
1769506737699 0.0002676399999999995 146
1769506739758 0.00020098000000000018 147
1769506741818 0.00013431999999999976 148
1769506743916 6.766000000000043e-05 149
